[gd_scene format=3 uid="uid://cily3cdujyv7r"]

[ext_resource type="PackedScene" uid="uid://dajciuejb4dh2" path="res://scenes/Player.tscn" id="1_rvslj"]
[ext_resource type="PackedScene" uid="uid://biu14ke0j0euc" path="res://scenes/assets/stairs.tscn" id="2_wp0k4"]
[ext_resource type="PackedScene" uid="uid://ceit7kq3tiboa" path="res://scenes/assets/drawer_interactable.tscn" id="3_jlsqs"]
[ext_resource type="PackedScene" uid="uid://buut5geryxawq" path="res://scenes/assets/medical.tscn" id="4_q8u5g"]
[ext_resource type="PackedScene" uid="uid://b331d0p4fp5l7" path="res://scenes/assets/photo.tscn" id="5_lhr70"]
[ext_resource type="PackedScene" uid="uid://dpu6neujx715j" path="res://scenes/assets/station_locker_key.tscn" id="5_q8u5g"]
[ext_resource type="PackedScene" uid="uid://dp3nms81seyxg" path="res://scenes/assets/door_interactable.tscn" id="6_lhr70"]
[ext_resource type="PackedScene" uid="uid://darv2neuecktq" path="res://scenes/assets/cellphone.tscn" id="6_wp0k4"]
[ext_resource type="PackedScene" uid="uid://mcueo8o1y80r" path="res://scenes/assets/flashlight.tscn" id="7_bjd11"]
[ext_resource type="PackedScene" uid="uid://cmge24batu1iv" path="res://scenes/assets/floor_lamp.tscn" id="8_qmy6f"]

[sub_resource type="Environment" id="Environment_rarhs"]
tonemap_mode = 4
tonemap_exposure = 0.8
tonemap_agx_contrast = 1.45

[sub_resource type="StandardMaterial3D" id="StandardMaterial3D_rarhs"]

[sub_resource type="StandardMaterial3D" id="StandardMaterial3D_jlsqs"]

[sub_resource type="BoxMesh" id="BoxMesh_jlsqs"]
material = SubResource("StandardMaterial3D_jlsqs")
size = Vector3(0.21, 0.297, 0.001)

[sub_resource type="StandardMaterial3D" id="StandardMaterial3D_q8u5g"]

[sub_resource type="BoxMesh" id="BoxMesh_lhr70"]
material = SubResource("StandardMaterial3D_q8u5g")
size = Vector3(0.16, 0.23, 0.04)

[sub_resource type="StandardMaterial3D" id="StandardMaterial3D_rvslj"]

[sub_resource type="StandardMaterial3D" id="StandardMaterial3D_0bbpv"]

[node name="Main" type="Node3D" unique_id=357131378]

[node name="WorldEnvironment" type="WorldEnvironment" parent="." unique_id=1611298347]
environment = SubResource("Environment_rarhs")

[node name="Player" parent="." unique_id=604324590 instance=ExtResource("1_rvslj")]
transform = Transform3D(0.99999994, 0, 0, 0, 1, 0, 0, 0, 0.99999994, -3.4664013, 4.5628004, 3.7299814)

[node name="SceneStructure" type="Node3D" parent="." unique_id=691403289]

[node name="JulianasHouse" type="CSGCombiner3D" parent="SceneStructure" unique_id=174151692]
use_collision = true

[node name="Floor" type="CSGBox3D" parent="SceneStructure/JulianasHouse" unique_id=1683054587]
transform = Transform3D(1, 0, 0, 0, 1, 0, 0, 0, 1, -10.723167, -0.19944811, 3.0531921)
size = Vector3(17.410746, 1, 3.894)

[node name="Wall" type="CSGBox3D" parent="SceneStructure/JulianasHouse" unique_id=2050456477]
transform = Transform3D(1, 0, 0, 0, 1, 0, 0, 0, 1, -10.711454, 3.2778199, 4.867111)
size = Vector3(17.377, 6, 0.25)

[node name="Wall2" type="CSGBox3D" parent="SceneStructure/JulianasHouse" unique_id=1360743166]
transform = Transform3D(1, 0, 0, 0, 1, 0, 0, 0, 1, -10.717, 3.278, 1.253)
size = Vector3(17.359, 6, 0.25)

[node name="Ceiling" type="CSGBox3D" parent="SceneStructure/JulianasHouse" unique_id=1995262739]
transform = Transform3D(1, 0, 0, 0, 1, 0, 0, 0, 1, -9.743697, 3.2736015, 3.0531921)
size = Vector3(15.452, 0.5, 3.894)

[node name="Wall3" type="CSGBox3D" parent="SceneStructure/JulianasHouse" unique_id=707667775]
transform = Transform3D(-4.371139e-08, 0, -1, 0, 1, 0, 1, 0, -4.371139e-08, -2.4793549, 3.2516348, 3.064004)
size = Vector3(3.4719715, 6.0370064, 0.25)

[node name="Wall4" type="CSGBox3D" parent="SceneStructure/JulianasHouse" unique_id=1841604313]
transform = Transform3D(1, 0, 0, 0, 1, 0, 0, 0, 1, -8.860904, 1.9175467, 3.534039)
size = Vector3(5.105112, 3.2067413, 0.25)

[node name="Door" type="CSGBox3D" parent="SceneStructure/JulianasHouse" unique_id=2097611044]
transform = Transform3D(1, 0, 0, 0, 1, 0, 0, 0, 1, -2.478716, 1.3510399, 3.1224306)
operation = 2
size = Vector3(0.9, 2.1, 0.9)

[node name="Wall5" type="CSGBox3D" parent="SceneStructure/JulianasHouse" unique_id=622343922]
transform = Transform3D(-4.371139e-08, 0, -1, 0, 1, 0, 1, 0, -4.371139e-08, -6.4020524, 1.9007125, 3.1319802)
size = Vector3(1.0420277, 3.1730728, 0.25)

[node name="Wall6" type="CSGBox3D" parent="SceneStructure/JulianasHouse" unique_id=621003727]
transform = Transform3D(-4.371139e-08, 0, -1, 0, 1, 0, 1, 0, -4.371139e-08, -11.301911, 3.288957, 3.0612354)
size = Vector3(3.412, 6, 0.25)

[node name="Door3" type="CSGBox3D" parent="SceneStructure/JulianasHouse" unique_id=1335854517]
transform = Transform3D(1, 0, 0, 0, 1, 0, 0, 0, 1, -11.29273, 1.3483346, 4.201849)
operation = 2
size = Vector3(0.9, 2.1, 0.9)

[node name="Door4" type="CSGBox3D" parent="SceneStructure/JulianasHouse" unique_id=951360460]
transform = Transform3D(1, 0, 0, 0, 1, 0, 0, 0, 1, -11.29273, 1.3483346, 2.3971574)
operation = 2
size = Vector3(0.9, 2.1, 0.9)

[node name="Wall7" type="CSGBox3D" parent="SceneStructure/JulianasHouse" unique_id=720428637]
transform = Transform3D(-4.371139e-08, 0, -1, 0, 1, 0, 1, 0, -4.371139e-08, -15.665908, 3.2979531, 3.0612354)
size = Vector3(3.4122756, 5.967554, 0.25)

[node name="Door5" type="CSGBox3D" parent="SceneStructure/JulianasHouse" unique_id=310290868]
transform = Transform3D(-4.371139e-08, -1, 0, 1, -4.371139e-08, 0, 0, 0, 1, -8.255716, 3.2718487, 1.9026761)
operation = 2
size = Vector3(0.51656497, 3.4781132, 1.0509765)

[node name="Wall8" type="CSGBox3D" parent="SceneStructure/JulianasHouse" unique_id=1555841217]
transform = Transform3D(-4.371139e-08, 0, -1, 0, 1, 0, 1, 0, -4.371139e-08, -6.394681, 4.8424096, 3.0612354)
size = Vector3(3.4122756, 2.8509464, 0.25)

[node name="Door6" type="CSGBox3D" parent="SceneStructure/JulianasHouse" unique_id=1819504634]
transform = Transform3D(1, 0, 0, 0, 1, 0, 0, 0, 1, -6.558, 4.541505, 3.696)
operation = 2
size = Vector3(0.9, 2.0350099, 0.9)

[node name="Window" type="CSGBox3D" parent="SceneStructure/JulianasHouse" unique_id=173379108]
transform = Transform3D(1, 0, 0, 0, 1, 0, 0, 0, 1, -2.562354, 5.1407027, 3.1209009)
operation = 2
size = Vector3(0.9, 1.2, 1.5)

[node name="Ceiling2" type="CSGBox3D" parent="SceneStructure/JulianasHouse" unique_id=1984858437]
transform = Transform3D(1, 0, 0, 0, 1, 0, 0, 0, 1, -9.743697, 6.5177364, 3.0531921)
size = Vector3(15.452, 0.5, 3.894)

[node name="Stairs" parent="SceneStructure/JulianasHouse" unique_id=2036270861 instance=ExtResource("2_wp0k4")]
transform = Transform3D(-1, 0, -8.742278e-08, 0, 1, 0, 8.742278e-08, 0, -1, -8.141334, 1.9153259, 1.867738)
stair_size = Vector3(3.726, 3.22, 1.072)

[node name="Wall10" type="CSGBox3D" parent="SceneStructure/JulianasHouse" unique_id=1385403803]
transform = Transform3D(1, 0, 0, 0, 1, 0, 0, 0, 1, -8.139085, 2.4868112, 2.4981997)
size = Vector3(3.725596, 4.34527, 0.25)

[node name="Door7" type="CSGBox3D" parent="SceneStructure/JulianasHouse" unique_id=93709168]
transform = Transform3D(1, 0, 0, 0, 1, 0, 0, 0, 1, -11.280376, 4.541505, 3.696)
operation = 2
size = Vector3(0.9, 2.0350099, 0.9)

[node name="Furniture" type="CSGCombiner3D" parent="SceneStructure/JulianasHouse" unique_id=1610140195]

[node name="Bedroom" type="CSGCombiner3D" parent="SceneStructure/JulianasHouse/Furniture" unique_id=262018230]

[node name="Bed" type="CSGBox3D" parent="SceneStructure/JulianasHouse/Furniture/Bedroom" unique_id=1400682703]
transform = Transform3D(1, 0, 0, 0, 1, 0, 0, 0, 1, -3.5835857, 3.7740068, 1.8618522)
size = Vector3(1.9, 0.5, 0.9)
material = SubResource("StandardMaterial3D_rarhs")

[node name="Desk" type="CSGBox3D" parent="SceneStructure/JulianasHouse/Furniture/Bedroom" unique_id=511542568]
transform = Transform3D(1, 0, 0, 0, 1, 0, 0, 0, 1, -4.1471806, 3.9160933, 4.42895)
size = Vector3(2.0256152, 0.8, 0.609375)
material = SubResource("StandardMaterial3D_rarhs")

[node name="Chair" type="CSGBox3D" parent="SceneStructure/JulianasHouse/Furniture/Bedroom" unique_id=277048628]
transform = Transform3D(1, 0, 0, 0, 1, 0, 0, 0, 1, -4.1192737, 3.8268359, 3.7450686)
size = Vector3(0.57942873, 0.6104492, 0.5253906)
material = SubResource("StandardMaterial3D_rarhs")

[node name="Wardrobe" type="CSGBox3D" parent="SceneStructure/JulianasHouse/Furniture/Bedroom" unique_id=1388647919]
transform = Transform3D(1, 0, 0, 0, 1, 0, 0, 0, 1, -5.941142, 4.582362, 2.20797)
size = Vector3(0.6500659, 2.1099486, 1.6611328)
material = SubResource("StandardMaterial3D_rarhs")

[node name="Nightstand" type="CSGBox3D" parent="SceneStructure/JulianasHouse/Furniture/Bedroom" unique_id=939856221]
transform = Transform3D(-4.371139e-08, 0, 1, 0, 1, 0, -1, 0, -4.371139e-08, -2.8398566, 3.8462677, 2.8416378)
size = Vector3(1.025, 0.645, 0.403)
material = SubResource("StandardMaterial3D_rarhs")

[node name="drawerHole" type="CSGBox3D" parent="SceneStructure/JulianasHouse/Furniture/Bedroom/Nightstand" unique_id=2016816631]
transform = Transform3D(1, 0, 0, 0, 1, 0, 0, 0, 1, 0, 0.2, -0.02)
operation = 2
size = Vector3(1.015, 0.1, 0.4)

[node name="DrawerInteractable3" parent="SceneStructure/JulianasHouse/Furniture/Bedroom/Nightstand" unique_id=248808833 instance=ExtResource("3_jlsqs")]
transform = Transform3D(-1, 0, -8.742277e-08, 0, 1, 0, 8.742277e-08, 0, -1, 0, 0.2, -0.02)
open_offset = Vector3(0, 0, 0.3)

[node name="Medical" parent="SceneStructure/JulianasHouse/Furniture/Bedroom/Nightstand/DrawerInteractable3/DrawerRoot/ItemAnchor" parent_id_path=PackedInt32Array(248808833, 546873071) index="0" unique_id=1967662599 instance=ExtResource("4_q8u5g")]
transform = Transform3D(0.55677414, -0.8306642, 9.9055635e-09, -8.1960464e-16, 1.1924886e-08, 0.9999999, -0.83066374, -0.5567744, 6.639462e-09, -0.23917294, 0, 0.0058088303)

[node name="RandomPapers" type="Node3D" parent="SceneStructure/JulianasHouse/Furniture/Bedroom/Nightstand/DrawerInteractable3/DrawerRoot/ItemAnchor" parent_id_path=PackedInt32Array(248808833, 546873071) index="1" unique_id=792035142]
transform = Transform3D(0.9386797, 0.34479037, -1.5071265e-08, 0, -4.371139e-08, -1, -0.34479037, 0.9386797, -4.1030994e-08, -0.088487625, -0.010000229, 0)

[node name="MeshInstance3D3" type="MeshInstance3D" parent="SceneStructure/JulianasHouse/Furniture/Bedroom/Nightstand/DrawerInteractable3/DrawerRoot/ItemAnchor/RandomPapers" unique_id=1733286749]
transform = Transform3D(0.899779, 0.43634677, -1.9073317e-08, -0.43634677, 0.899779, 4.380788e-09, 1.9073319e-08, 4.380806e-09, 1, -0.08140302, -0.026161194, 0)
mesh = SubResource("BoxMesh_jlsqs")

[node name="MeshInstance3D" type="MeshInstance3D" parent="SceneStructure/JulianasHouse/Furniture/Bedroom/Nightstand/DrawerInteractable3/DrawerRoot/ItemAnchor/RandomPapers" unique_id=433154834]
transform = Transform3D(1, 1.1920929e-07, -1.7763568e-15, -1.1920929e-07, 1, -1.7763568e-15, 2.6645353e-15, -2.6645353e-15, 1, 0.0021494627, 0.000310421, 0)
mesh = SubResource("BoxMesh_jlsqs")

[node name="MeshInstance3D2" type="MeshInstance3D" parent="SceneStructure/JulianasHouse/Furniture/Bedroom/Nightstand/DrawerInteractable3/DrawerRoot/ItemAnchor/RandomPapers" unique_id=1143770970]
transform = Transform3D(0.6648395, 0.746987, -3.2651844e-08, -0.746987, 0.6648395, 1.4650342e-08, 3.2651826e-08, 1.4650344e-08, 1, -0.1961453, -0.08516741, 0)
mesh = SubResource("BoxMesh_jlsqs")

[node name="StationLockerKey" parent="SceneStructure/JulianasHouse/Furniture/Bedroom/Nightstand/DrawerInteractable3/DrawerRoot/ItemAnchor" parent_id_path=PackedInt32Array(248808833, 546873071) index="2" unique_id=756704975 instance=ExtResource("5_q8u5g")]
transform = Transform3D(0.9139496, 0.40582764, 1.7739287e-08, -3.7838685e-15, -4.3711392e-08, 1, 0.40582758, -0.91394967, -3.9950002e-08, 0.24511337, 0.006114483, -0.019967794)

[node name="Book" type="Node3D" parent="SceneStructure/JulianasHouse/Furniture/Bedroom/Nightstand/DrawerInteractable3/DrawerRoot/ItemAnchor" parent_id_path=PackedInt32Array(248808833, 546873071) index="3" unique_id=2091285086]
transform = Transform3D(0.9712424, -0.23809275, 1.0407364e-08, 0, -4.371139e-08, -1, 0.23809275, 0.9712424, -4.2454356e-08, 0.36821413, 0, 0.024968863)

[node name="MeshInstance3D2" type="MeshInstance3D" parent="SceneStructure/JulianasHouse/Furniture/Bedroom/Nightstand/DrawerInteractable3/DrawerRoot/ItemAnchor/Book" unique_id=1849921106]
transform = Transform3D(0.9077038, 0.4196102, -1.8341751e-08, -0.4196102, 0.9077038, 4.034371e-09, 1.8341744e-08, 4.0343995e-09, 1, -0.24321747, 0.079889536, 0)
mesh = SubResource("BoxMesh_lhr70")

[node name="MeshInstance3D" type="MeshInstance3D" parent="SceneStructure/JulianasHouse/Furniture/Bedroom/Nightstand/DrawerInteractable3/DrawerRoot/ItemAnchor/Book" unique_id=462477442]
transform = Transform3D(0.99775815, 0.066918224, -2.9250815e-09, -0.066918224, 0.99775815, 9.7978514e-11, 2.9250913e-09, 9.7994834e-11, 1, 0.009043217, -0.02256918, 0)
mesh = SubResource("BoxMesh_lhr70")

[node name="Laptop" type="CSGBox3D" parent="SceneStructure/JulianasHouse/Furniture/Bedroom" unique_id=716293059]
transform = Transform3D(-0.110150695, 0, 0.9939149, 0, 1, 0, -0.9939149, 0, -0.110150695, -4.038059, 4.429169, 4.535632)
size = Vector3(0.237, 0.237, 0.362)
material = SubResource("StandardMaterial3D_rarhs")

[node name="Cup" type="CSGBox3D" parent="SceneStructure/JulianasHouse/Furniture/Bedroom" unique_id=483155229]
transform = Transform3D(0.94421554, 0, -0.32932812, 0, 1, 0, 0.32932812, 0, 0.94421554, -4.484163, 4.368205, 4.288786)
size = Vector3(0.067, 0.095, 0.067)
material = SubResource("StandardMaterial3D_rarhs")

[node name="Trash" type="CSGBox3D" parent="SceneStructure/JulianasHouse/Furniture/Bedroom" unique_id=930082480]
transform = Transform3D(0.98695713, 0, -0.16098376, 0, 1, 0, 0.16098376, 0, 0.98695713, -5.325687, 3.7082548, 4.572918)
size = Vector3(0.25, 0.35, 0.25)
material = SubResource("StandardMaterial3D_rarhs")

[node name="Guitar" type="CSGBox3D" parent="SceneStructure/JulianasHouse/Furniture/Bedroom" unique_id=812460156]
transform = Transform3D(-4.1047276e-08, 0.34377444, 0.9390523, 1.5026856e-08, 0.9390523, -0.34377444, -1, 0, -4.371139e-08, -2.8264146, 4.0059323, 3.737113)
size = Vector3(0.38, 1, 0.1)
material = SubResource("StandardMaterial3D_rarhs")

[node name="Shelf" type="CSGBox3D" parent="SceneStructure/JulianasHouse/Furniture/Bedroom" unique_id=588677403]
transform = Transform3D(1, 0, 0, 0, 1, 0, 0, 0, 1, -3.6289663, 5.116036, 1.5368191)
size = Vector3(2.0256152, 0.06308594, 0.3083496)
material = SubResource("StandardMaterial3D_rarhs")

[node name="Photo" parent="SceneStructure/JulianasHouse/Furniture/Bedroom" unique_id=88594973 instance=ExtResource("5_lhr70")]
transform = Transform3D(-4.0087027e-08, 0.20015457, -0.97976416, 1.7741382e-08, 0.97976434, 0.20015454, 1, -9.358771e-09, -4.282685e-08, -2.7988281, 4.2099013, 2.8997998)

[node name="Cellphone" parent="SceneStructure/JulianasHouse/Furniture/Bedroom" unique_id=754512920 instance=ExtResource("6_wp0k4")]
transform = Transform3D(0.115856074, -0.993266, 4.3417035e-08, 0, -4.371139e-08, -1, 0.993266, 0.115856074, -5.06423e-09, -2.8444085, 4.1851993, 2.4618084)

[node name="FloorLamp" parent="SceneStructure/JulianasHouse/Furniture/Bedroom" unique_id=1429014406 instance=ExtResource("8_qmy6f")]
transform = Transform3D(1, 0, 0, 0, 1, 0, 0, 0, 1, -2.8757625, 4.389763, 4.370618)

[node name="DoorInteractable" parent="SceneStructure/JulianasHouse/Furniture/Bedroom" unique_id=944800287 instance=ExtResource("6_lhr70")]
transform = Transform3D(-4.371139e-08, 0, 1, 0, 1, 0, -1, 0, -4.371139e-08, -6.4301357, 3.55, 4.146984)

[node name="LampLight3" type="OmniLight3D" parent="SceneStructure/JulianasHouse/Furniture" unique_id=68413252]
transform = Transform3D(1, 0, 0, 0, 1, 0, 0, 0, 1, -10.231761, 2.7888324, 4.151363)
light_color = Color(0.9999998, 0.9058288, 0.78608996, 1)
light_energy = 0.5
shadow_enabled = true
shadow_bias = 0.05
shadow_opacity = 0.75
omni_attenuation = 0.5

[node name="LampLight2" type="OmniLight3D" parent="SceneStructure/JulianasHouse/Furniture" unique_id=1070072579]
transform = Transform3D(1, 0, 0, 0, 1, 0, 0, 0, 1, -4.5397806, 2.7141354, 3.0087776)
light_color = Color(0.9999998, 0.9058288, 0.78608996, 1)
light_energy = 0.5
shadow_enabled = true
shadow_bias = 0.05
shadow_opacity = 0.75
omni_attenuation = 0.5

[node name="LampLight" type="OmniLight3D" parent="SceneStructure/JulianasHouse/Furniture" unique_id=621563568]
transform = Transform3D(1, 0, 0, 0, 1, 0, 0, 0, 1, -8.896701, 5.559737, 4.15823)
light_color = Color(0.9999998, 0.9058288, 0.78608996, 1)
light_energy = 0.5
light_volumetric_fog_energy = 0.0
shadow_enabled = true
shadow_bias = 0.05
shadow_opacity = 0.75
shadow_blur = 2.0
omni_attenuation = 0.5

[node name="Flashlight" parent="SceneStructure/JulianasHouse/Furniture" unique_id=164557964 instance=ExtResource("7_bjd11")]
transform = Transform3D(-0.8146565, 0.5779946, 0.04750724, -0.034481864, 0.033497605, -0.9988438, -0.5789176, -0.8153528, -0.007358712, -5.0316634, 0.37844515, 4.2973175)

[node name="Bathroom" type="CSGCombiner3D" parent="SceneStructure/JulianasHouse/Furniture" unique_id=1369772062]

[node name="DoorInteractable" parent="SceneStructure/JulianasHouse/Furniture/Bathroom" unique_id=952032601 instance=ExtResource("6_lhr70")]
transform = Transform3D(-4.371139e-08, 0, 1, 0, 1, 0, -1, 0, -4.371139e-08, -11.252953, 3.55, 4.146984)

[node name="LampLight" type="OmniLight3D" parent="SceneStructure/JulianasHouse/Furniture/Bathroom" unique_id=1633390844]
transform = Transform3D(1, 0, 0, 0, 1, 0, 0, 0, 1, -13.153323, 6.0868278, 3.2377045)
light_color = Color(0.9999998, 0.9058288, 0.78608996, 1)
light_energy = 0.5
light_volumetric_fog_energy = 0.0
shadow_enabled = true
shadow_bias = 0.05
shadow_opacity = 0.75
shadow_blur = 2.0
omni_attenuation = 0.5

[node name="Streets" type="Node3D" parent="SceneStructure" unique_id=1041921014]

[node name="Ground1" type="CSGBox3D" parent="SceneStructure/Streets" unique_id=1495871503]
transform = Transform3D(1, 0, 0, 0, 1, 0, 0, 0, 1, 0.49234152, -0.44967985, 0)
use_collision = true
size = Vector3(5, 1, 10)

[node name="Ground2" type="CSGBox3D" parent="SceneStructure/Streets" unique_id=456232633]
transform = Transform3D(0.99590176, -0.0068079387, -0.090184785, 0, 0.99716294, -0.07527461, 0.09044139, 0.07496612, 0.9930763, 0.92789817, -0.08280444, -9.767504)
use_collision = true
size = Vector3(5, 1, 10)

[node name="Ground3" type="CSGBox3D" parent="SceneStructure/Streets" unique_id=882118582]
transform = Transform3D(-0.08280097, -0.14139806, -0.98648405, -0.007958155, 0.9899453, -0.14122617, 0.99653447, -0.0038430742, -0.08309372, 0.21056509, 0.14964277, -18.813957)
use_collision = true
size = Vector3(8, 1, 37.699)

[node name="ExtraHouse" type="Node3D" parent="SceneStructure" unique_id=961377411]

[node name="House2" type="CSGBox3D" parent="SceneStructure/ExtraHouse" unique_id=601780181]
transform = Transform3D(1, 0, 0, 0, 1, 0, 0, 0, 1, -9.939005, 2.249296, -0.4911852)
use_collision = true
size = Vector3(15.668945, 4.6034546, 3.1843414)

[node name="House3" type="CSGBox3D" parent="SceneStructure/ExtraHouse" unique_id=1622061042]
transform = Transform3D(1, 0, 0, 0, 1, 0, 0, 0, 1, -9.826551, 3.3696573, -4.4243402)
use_collision = true
size = Vector3(15.647461, 6.8441772, 4.6367493)

[node name="House4" type="CSGBox3D" parent="SceneStructure/ExtraHouse" unique_id=1324265318]
transform = Transform3D(0.9974133, 0, -0.07188043, 0, 1, 0, 0.07188043, 0, 0.9974133, -9.794761, 2.2218463, -9.000206)
use_collision = true
size = Vector3(15.611328, 4.5, 3.8936157)

[node name="House5" type="CSGBox3D" parent="SceneStructure/ExtraHouse" unique_id=283179556]
transform = Transform3D(0.99661016, 0, -0.082269, 0, 1, 0, 0.082269, 0, 0.99661016, -9.434788, 2.9563425, -13.267556)
use_collision = true
size = Vector3(15.87207, 6.0175476, 4.458267)

[node name="House6" type="CSGBox3D" parent="SceneStructure/ExtraHouse" unique_id=1048776564]
transform = Transform3D(0.04846624, 0, -0.99882483, 0, 1, 0, 0.99882483, 0, 0.04846624, -5.6614685, 3.027952, -32.10804)
use_collision = true
size = Vector3(17.997559, 6.1607666, 3.8936157)

[node name="House7" type="CSGBox3D" parent="SceneStructure/ExtraHouse" unique_id=422049407]
transform = Transform3D(-0.06099628, 0, -0.99813807, 0, 1, 0, 0.99813807, 0, -0.06099628, -1.3107592, 2.18881, -31.452805)
use_collision = true
size = Vector3(16.214844, 4.482483, 3.1843414)

[node name="House9" type="CSGBox3D" parent="SceneStructure/ExtraHouse" unique_id=407172918]
transform = Transform3D(0.99658716, 0, -0.082547314, 0, 1, 0, 0.082547314, 0, 0.99658716, 10.301781, 4.056507, -30.099094)
use_collision = true
size = Vector3(4.9639893, 5.7304688, 15.192413)

[node name="House11" type="CSGBox3D" parent="SceneStructure/ExtraHouse" unique_id=617356783]
transform = Transform3D(1, 0, 0, 0, 1, 0, 0, 0, 1, 9.733485, 3.3992898, 3.531479)
use_collision = true
size = Vector3(13.407715, 6.9034424, 2.9370422)

[node name="House12" type="CSGBox3D" parent="SceneStructure/ExtraHouse" unique_id=764836686]
transform = Transform3D(1, 0, 0, 0, 1, 0, 0, 0, 1, 9.651113, 3.3741968, -0.20015144)
use_collision = true
size = Vector3(13.498169, 6.853256, 4.1965485)

[node name="House13" type="CSGBox3D" parent="SceneStructure/ExtraHouse" unique_id=1961090216]
transform = Transform3D(1, 0, 0, 0, 1, 0, 0, 0, 1, 9.998378, 2.1260355, -4.3112354)
use_collision = true
size = Vector3(13.9375, 4.3569336, 3.6076813)

[node name="House14" type="CSGBox3D" parent="SceneStructure/ExtraHouse" unique_id=1643591099]
transform = Transform3D(0.9954579, 0, -0.09520294, 0, 1, 0, 0.09520294, 0, 0.9954579, 10.047883, 2.598707, -7.2311683)
use_collision = true
size = Vector3(13.390747, 5.3022766, 3.6076813)

[node name="House15" type="CSGBox3D" parent="SceneStructure/ExtraHouse" unique_id=1786910514]
transform = Transform3D(0.995453, 0, -0.09525506, 0, 1, 0, 0.09525506, 0, 0.995453, 10.4976015, 3.429609, -11.476193)
use_collision = true
size = Vector3(13.437012, 6.964081, 4.8323402)

[node name="SophiasHouse" type="CSGCombiner3D" parent="SceneStructure" unique_id=1564779718]
transform = Transform3D(1, 0, 0, 0, 1, 0, 0, 0, 1, 3.2763433, 0, -64.77556)

[node name="Structure" type="CSGCombiner3D" parent="SceneStructure/SophiasHouse" unique_id=1844346819]

[node name="Floor" type="CSGBox3D" parent="SceneStructure/SophiasHouse/Structure" unique_id=1840415895]
transform = Transform3D(1, 0, 0, 0, 1, 0, 0, 0, 1, 0.55124664, 0, -2.9917755)
size = Vector3(6.438904, 1, 18.250244)

[node name="Wall" type="CSGBox3D" parent="SceneStructure/SophiasHouse/Structure" unique_id=687763391]
transform = Transform3D(1, 0, 0, 0, 1, 0, 0, 0, 1, -2.5368161, 3.6274936, -2.993576)
size = Vector3(0.25, 6.2633057, 18.242697)

[node name="Wall2" type="CSGBox3D" parent="SceneStructure/SophiasHouse/Structure" unique_id=468902183]
transform = Transform3D(1, 0, 0, 0, 1, 0, 0, 0, 1, 3.6509743, 3.622306, -2.993576)
size = Vector3(0.25, 6.2633057, 18.242697)

[node name="Wall3" type="CSGBox3D" parent="SceneStructure/SophiasHouse/Structure" unique_id=1841407136]
transform = Transform3D(-4.371139e-08, 0, -1, 0, 1, 0, 1, 0, -4.371139e-08, 0.5521474, 2.0138156, 6.0037193)
size = Vector3(0.25, 3.0359497, 6.4183693)

[node name="Door" type="CSGBox3D" parent="SceneStructure/SophiasHouse/Structure" unique_id=466217766]
transform = Transform3D(1, 0, 0, 0, 1, 0, 0, 0, 1, -1.3765774, 1.5522051, 5.9386406)
operation = 2
size = Vector3(0.9, 2.1, 0.9)

[node name="Window" type="CSGBox3D" parent="SceneStructure/SophiasHouse/Structure" unique_id=34398831]
transform = Transform3D(-4.371139e-08, 1, 4.371139e-08, 0, -4.371139e-08, 1, 1, 4.371139e-08, 1.9106855e-15, 1.5, 1.9654883, 6.1444435)
operation = 2
size = Vector3(1.2, 2, 1.2490234)

[node name="Floor2" type="CSGBox3D" parent="SceneStructure/SophiasHouse/Structure" unique_id=593384768]
transform = Transform3D(1, 0, 0, 0, 1, 0, 0, 0, 1, 0.55158234, 3.4682765, -2.9917755)
size = Vector3(6.439575, 0.5, 18.25)

[node name="Wall4" type="CSGBox3D" parent="SceneStructure/SophiasHouse/Structure" unique_id=1918270234]
transform = Transform3D(-4.371139e-08, 0, -1, 0, 1, 0, 1, 0, -4.371139e-08, 1.7310519, 5.24225, 6.0037193)
size = Vector3(0.25, 3.0359497, 4.0685205)

[node name="Wall5" type="CSGBox3D" parent="SceneStructure/SophiasHouse/Structure" unique_id=435754805]
transform = Transform3D(1, 0, 0, 0, 1, 0, 0, 0, 1, -0.17699242, 5.24225, 5.3688545)
size = Vector3(0.25, 3.036, 1.5)

[node name="Wall6" type="CSGBox3D" parent="SceneStructure/SophiasHouse/Structure" unique_id=2120305365]
transform = Transform3D(-4.371139e-08, 0, -1, 0, 1, 0, 1, 0, -4.371139e-08, -1.3496339, 5.24225, 4.503948)
size = Vector3(0.25, 3.036, 2.5975342)

[node name="Door2" type="CSGBox3D" parent="SceneStructure/SophiasHouse/Structure" unique_id=1989951330]
transform = Transform3D(1, 0, 0, 0, 1, 0, 0, 0, 1, -1.37, 4.769, 4.4139824)
operation = 2
size = Vector3(0.9, 2.1, 0.9)

[node name="Floor3" type="CSGBox3D" parent="SceneStructure/SophiasHouse/Structure" unique_id=434949549]
transform = Transform3D(1, 0, 0, 0, 1, 0, 0, 0, 1, -1.3610458, 3.4682765, 6.5350685)
size = Vector3(2.6143188, 0.5, 0.85253906)

[node name="Miniwall" type="CSGBox3D" parent="SceneStructure/SophiasHouse/Structure" unique_id=50250426]
transform = Transform3D(1, 0, 0, 0, 1, 0, 0, 0, 1, -2.5381386, 4.2570724, 6.833988)
size = Vector3(0.25, 1.081754, 0.25)

[node name="Miniwall2" type="CSGBox3D" parent="SceneStructure/SophiasHouse/Structure" unique_id=973620880]
transform = Transform3D(1, 0, 0, 0, 1, 0, 0, 0, 1, -0.1754539, 4.2570724, 6.833988)
size = Vector3(0.25, 1.081754, 0.25)

[node name="Miniwall3" type="CSGBox3D" parent="SceneStructure/SophiasHouse/Structure" unique_id=1584253061]
transform = Transform3D(1, 0, 0, 0, -4.371139e-08, 1, 0, -1, -4.371139e-08, -2.5381386, 4.673472, 6.536152)
size = Vector3(0.25, 0.8426167, 0.25)

[node name="Miniwall4" type="CSGBox3D" parent="SceneStructure/SophiasHouse/Structure" unique_id=1434615976]
transform = Transform3D(1, 0, 0, 0, -4.371139e-08, 1, 0, -1, -4.371139e-08, -0.17405987, 4.673472, 6.536152)
size = Vector3(0.25, 0.8426167, 0.25)

[node name="Miniwall5" type="CSGBox3D" parent="SceneStructure/SophiasHouse/Structure" unique_id=1344809428]
transform = Transform3D(-4.371139e-08, 1, 0, 4.371139e-08, 1.9106855e-15, 1, 1, 4.371139e-08, -4.371139e-08, -1.3514163, 4.673472, 6.8363686)
size = Vector3(0.25, 2.6049414, 0.25)

[node name="Floor4" type="CSGBox3D" parent="SceneStructure/SophiasHouse/Structure" unique_id=697183843]
transform = Transform3D(1, 0, 0, 0, 1, 0, 0, 0, 1, 0.55683136, 7.011559, -2.9917755)
size = Vector3(6.4500732, 0.5, 18.25)

[node name="Window2" type="CSGBox3D" parent="SceneStructure/SophiasHouse/Structure" unique_id=508815665]
transform = Transform3D(-4.371139e-08, 1, 4.371139e-08, 0, -4.371139e-08, 1, 1, 4.371139e-08, 1.9106855e-15, 1.5, 5.5863147, 6.1444435)
operation = 2
size = Vector3(1.2, 2, 1.2553711)

[node name="Wall7" type="CSGBox3D" parent="SceneStructure/SophiasHouse/Structure" unique_id=981753699]
transform = Transform3D(-4.371139e-08, 0, 1, 0, 1, 0, -1, 0, -4.371139e-08, -0.41058683, 2.0612555, 2.3825455)
size = Vector3(0.25, 3.1305234, 4.498535)

[node name="Wall8" type="CSGBox3D" parent="SceneStructure/SophiasHouse/Structure" unique_id=1970187757]
transform = Transform3D(-4.371139e-08, 0, 1, 0, 1, 0, -1, 0, -4.371139e-08, -0.41202116, 2.0461187, -1.7892609)
size = Vector3(0.25, 3.10025, 4.4956665)

[node name="Wall9" type="CSGBox3D" parent="SceneStructure/SophiasHouse/Structure" unique_id=1276021542]
transform = Transform3D(-4.371139e-08, 0, 1, 0, 1, 0, -1, 0, -4.371139e-08, -0.11939573, 2.0305471, -4.160187)
size = Vector3(0.25, 3.069107, 5.0809174)

[node name="Door3" type="CSGBox3D" parent="SceneStructure/SophiasHouse/Structure" unique_id=2132431547]
transform = Transform3D(1, 0, 0, 0, -4.371139e-08, -1, 0, 1, -4.371139e-08, 3.0072541, 3.5033395, -4.9287643)
operation = 2
size = Vector3(1.0404297, 3.682103, 0.9)

[node name="Wall10" type="CSGBox3D" parent="SceneStructure/SophiasHouse/Structure" unique_id=1821204400]
transform = Transform3D(1, 0, 0, 0, 1, 0, 0, 0, 1, 2.3150043, 2.0305471, -5.403679)
size = Vector3(0.25, 3.069107, 2.7377243)

[node name="Wall11" type="CSGBox3D" parent="SceneStructure/SophiasHouse/Structure" unique_id=1153436813]
transform = Transform3D(-4.371139e-08, 0, 1, 0, 1, 0, -1, 0, -4.371139e-08, 0.43972063, 5.269887, -8.576218)
size = Vector3(0.25, 3.069107, 6.19915)

[node name="Wall12" type="CSGBox3D" parent="SceneStructure/SophiasHouse/Structure" unique_id=912710402]
transform = Transform3D(-4.371139e-08, 0, 1, 0, 1, 0, -1, 0, -4.371139e-08, 2.9084768, 5.2573786, -3.0342789)
size = Vector3(0.25, 3.0941238, 1.3427272)

[node name="Wall13" type="CSGBox3D" parent="SceneStructure/SophiasHouse/Structure" unique_id=29013023]
transform = Transform3D(1, 0, 0, 0, 1, 0, 0, 0, 1, 2.3622785, 5.2471247, -4.8532257)
size = Vector3(0.25, 3.1146317, 3.868606)

[node name="Wall14" type="CSGBox3D" parent="SceneStructure/SophiasHouse/Structure" unique_id=1522196318]
transform = Transform3D(-4.371139e-08, 0, 1, 0, 1, 0, -1, 0, -4.371139e-08, 1.0845399, 5.245904, -6.666748)
size = Vector3(0.25, 3.117073, 2.787839)

[node name="Wall15" type="CSGBox3D" parent="SceneStructure/SophiasHouse/Structure" unique_id=150949323]
transform = Transform3D(1, 0, 0, 0, 1, 0, 0, 0, 1, -0.18846798, 5.244439, -1.1457214)
size = Vector3(0.25, 3.1200027, 11.283625)

[node name="Door4" type="CSGBox3D" parent="SceneStructure/SophiasHouse/Structure" unique_id=1658214652]
transform = Transform3D(-4.371139e-08, 0, 1, 0, 1, 0, -1, 0, -4.371139e-08, -0.13491774, 4.769, 0.61306)
operation = 2
size = Vector3(0.9, 2.1, 0.9)

[node name="Wall16" type="CSGBox3D" parent="SceneStructure/SophiasHouse/Structure" unique_id=683980942]
transform = Transform3D(-4.371139e-08, 0, 1, 0, 1, 0, -1, 0, -4.371139e-08, 1.6822577, 5.245904, -1.2731018)
size = Vector3(0.25, 3.117073, 3.983275)

[node name="Door5" type="CSGBox3D" parent="SceneStructure/SophiasHouse/Structure" unique_id=1760679327]
transform = Transform3D(1, 0, 0, 0, 1, 0, 0, 0, 1, 1.7027378, 4.769, -1.3357544)
operation = 2
size = Vector3(0.9, 2.1, 0.9)

[node name="Furniture" type="CSGCombiner3D" parent="SceneStructure/SophiasHouse" unique_id=494958877]

[node name="Couch" type="CSGBox3D" parent="SceneStructure/SophiasHouse/Furniture" unique_id=1673713487]
transform = Transform3D(1, 0, 0, 0, 1, 0, 0, 0, 1, 3.105854, 0.82819784, 4.2673225)
size = Vector3(0.7866211, 0.6335449, 2.5666351)
material = SubResource("StandardMaterial3D_rvslj")

[node name="CSGBox3D" type="CSGBox3D" parent="SceneStructure/SophiasHouse/Furniture" unique_id=1308621442]
transform = Transform3D(1, 0, 0, 0, 1, 0, 0, 0, 1, -2.3168914, 1.8957688, 4.1759834)
size = Vector3(0.19, 0.7, 1.25)
material = SubResource("StandardMaterial3D_0bbpv")

[editable path="SceneStructure/JulianasHouse/Furniture/Bedroom/Nightstand/DrawerInteractable3"]
