[gd_scene format=3 uid="uid://cily3cdujyv7r"]

[ext_resource type="PackedScene" uid="uid://bak8ltrhbmlv5" path="res://scenes/CSGStairMaker3D.tscn" id="1_elqb8"]
[ext_resource type="PackedScene" uid="uid://dajciuejb4dh2" path="res://scenes/Player.tscn" id="1_rvslj"]
[ext_resource type="PackedScene" uid="uid://bfke7y7536h28" path="res://ui/dialogue/DialogueTrigger.tscn" id="3_0bbpv"]

[sub_resource type="StandardMaterial3D" id="StandardMaterial3D_rarhs"]

[sub_resource type="StandardMaterial3D" id="StandardMaterial3D_vcsgt"]
albedo_color = Color(1, 0, 0, 1)

[sub_resource type="StandardMaterial3D" id="StandardMaterial3D_rvslj"]

[sub_resource type="StandardMaterial3D" id="StandardMaterial3D_0bbpv"]

[node name="Main" type="Node3D" unique_id=357131378]

[node name="Player" parent="." unique_id=604324590 groups=["player"] instance=ExtResource("1_rvslj")]
transform = Transform3D(1, 0, 0, 0, 1, 0, 0, 0, 1, 0, 3.278954, -7.1867476)

[node name="SceneStructure" type="Node3D" parent="." unique_id=691403289]

[node name="JulianasHouse" type="CSGCombiner3D" parent="SceneStructure" unique_id=174151692]
use_collision = true

[node name="Floor" type="CSGBox3D" parent="SceneStructure/JulianasHouse" unique_id=1683054587]
transform = Transform3D(1, 0, 0, 0, 1, 0, 0, 0, 1, -10.723167, -0.19944811, 3.0531921)
size = Vector3(17.410746, 1, 3.894)

[node name="Wall" type="CSGBox3D" parent="SceneStructure/JulianasHouse" unique_id=2050456477]
transform = Transform3D(1, 0, 0, 0, 1, 0, 0, 0, 1, -10.711454, 3.2778199, 4.867111)
size = Vector3(17.377, 6, 0.25)

[node name="Wall2" type="CSGBox3D" parent="SceneStructure/JulianasHouse" unique_id=1360743166]
transform = Transform3D(1, 0, 0, 0, 1, 0, 0, 0, 1, -10.717, 3.278, 1.253)
size = Vector3(17.359, 6, 0.25)

[node name="Ceiling" type="CSGBox3D" parent="SceneStructure/JulianasHouse" unique_id=1995262739]
transform = Transform3D(1, 0, 0, 0, 1, 0, 0, 0, 1, -9.743697, 3.2736015, 3.0531921)
size = Vector3(15.452, 0.5, 3.894)

[node name="Wall3" type="CSGBox3D" parent="SceneStructure/JulianasHouse" unique_id=707667775]
transform = Transform3D(-4.371139e-08, 0, -1, 0, 1, 0, 1, 0, -4.371139e-08, -2.4793549, 3.2516348, 3.064004)
size = Vector3(3.4719715, 6.0370064, 0.25)

[node name="Wall4" type="CSGBox3D" parent="SceneStructure/JulianasHouse" unique_id=1841604313]
transform = Transform3D(1, 0, 0, 0, 1, 0, 0, 0, 1, -8.840931, 1.9175467, 3.534039)
size = Vector3(5.1450586, 3.2067413, 0.25)

[node name="Door" type="CSGBox3D" parent="SceneStructure/JulianasHouse" unique_id=2097611044]
transform = Transform3D(1, 0, 0, 0, 1, 0, 0, 0, 1, -2.478716, 1.3510399, 3.1224306)
operation = 2
size = Vector3(0.9, 2.1, 0.9)

[node name="Wall5" type="CSGBox3D" parent="SceneStructure/JulianasHouse" unique_id=622343922]
transform = Transform3D(-4.371139e-08, 0, -1, 0, 1, 0, 1, 0, -4.371139e-08, -6.391358, 1.9007125, 2.9199693)
size = Vector3(1.0550036, 3.1730728, 0.25)

[node name="Wall6" type="CSGBox3D" parent="SceneStructure/JulianasHouse" unique_id=621003727]
transform = Transform3D(-4.371139e-08, 0, -1, 0, 1, 0, 1, 0, -4.371139e-08, -11.301911, 3.288957, 3.0612354)
size = Vector3(3.412, 6, 0.25)

[node name="Door3" type="CSGBox3D" parent="SceneStructure/JulianasHouse" unique_id=1335854517]
transform = Transform3D(1, 0, 0, 0, 1, 0, 0, 0, 1, -11.29273, 1.3483346, 4.201849)
operation = 2
size = Vector3(0.9, 2.1, 0.9)

[node name="Door4" type="CSGBox3D" parent="SceneStructure/JulianasHouse" unique_id=951360460]
transform = Transform3D(1, 0, 0, 0, 1, 0, 0, 0, 1, -11.29273, 1.3483346, 2.3971574)
operation = 2
size = Vector3(0.9, 2.1, 0.9)

[node name="Wall7" type="CSGBox3D" parent="SceneStructure/JulianasHouse" unique_id=720428637]
transform = Transform3D(-4.371139e-08, 0, -1, 0, 1, 0, 1, 0, -4.371139e-08, -15.665908, 3.2979531, 3.0612354)
size = Vector3(3.4122756, 5.967554, 0.25)

[node name="Door5" type="CSGBox3D" parent="SceneStructure/JulianasHouse" unique_id=310290868]
transform = Transform3D(-4.371139e-08, -1, 0, 1, -4.371139e-08, 0, 0, 0, 1, -8.245175, 3.2772894, 1.8662555)
operation = 2
size = Vector3(0.51656497, 3.4991949, 1.0320313)

[node name="Wall8" type="CSGBox3D" parent="SceneStructure/JulianasHouse" unique_id=1555841217]
transform = Transform3D(-4.371139e-08, 0, -1, 0, 1, 0, 1, 0, -4.371139e-08, -6.394681, 4.8424096, 3.0612354)
size = Vector3(3.4122756, 2.8509464, 0.25)

[node name="Door6" type="CSGBox3D" parent="SceneStructure/JulianasHouse" unique_id=1819504634]
transform = Transform3D(1, 0, 0, 0, 1, 0, 0, 0, 1, -6.558, 4.574, 3.696)
operation = 2
size = Vector3(0.9, 2.1, 0.9)

[node name="Window" type="CSGBox3D" parent="SceneStructure/JulianasHouse" unique_id=173379108]
transform = Transform3D(1, 0, 0, 0, 1, 0, 0, 0, 1, -2.562354, 5.1407027, 3.1209009)
operation = 2
size = Vector3(0.9, 1.2, 1.5)

[node name="Ceiling2" type="CSGBox3D" parent="SceneStructure/JulianasHouse" unique_id=1984858437]
transform = Transform3D(1, 0, 0, 0, 1, 0, 0, 0, 1, -9.743697, 6.5177364, 3.0531921)
size = Vector3(15.452, 0.5, 3.894)

[node name="CSGStairMaker3D" parent="SceneStructure/JulianasHouse" unique_id=1957327226 instance=ExtResource("1_elqb8")]
transform = Transform3D(-1, 0, 8.742278e-08, 0, 1, 0, -8.742278e-08, 0, -1, -8.141334, 1.7607985, 1.8692762)
size = Vector3(3.725891, 2.919983, 1.0722656)
num_stairs = 10

[node name="Wall10" type="CSGBox3D" parent="SceneStructure/JulianasHouse" unique_id=1385403803]
transform = Transform3D(1, 0, 0, 0, 1, 0, 0, 0, 1, -8.144939, 2.4868112, 2.4981997)
size = Vector3(3.713887, 4.34527, 0.25)

[node name="Door7" type="CSGBox3D" parent="SceneStructure/JulianasHouse" unique_id=93709168]
transform = Transform3D(1, 0, 0, 0, 1, 0, 0, 0, 1, -11.280376, 4.574, 3.696)
operation = 2
size = Vector3(0.9, 2.1, 0.9)

[node name="Furniture" type="CSGCombiner3D" parent="SceneStructure/JulianasHouse" unique_id=1610140195]

[node name="Bedroom" type="CSGCombiner3D" parent="SceneStructure/JulianasHouse/Furniture" unique_id=262018230]

[node name="Bed" type="CSGBox3D" parent="SceneStructure/JulianasHouse/Furniture/Bedroom" unique_id=1400682703]
transform = Transform3D(1, 0, 0, 0, 1, 0, 0, 0, 1, -3.5835857, 3.7740068, 1.8618522)
size = Vector3(1.9, 0.5, 0.9)
material = SubResource("StandardMaterial3D_rarhs")

[node name="Desk" type="CSGBox3D" parent="SceneStructure/JulianasHouse/Furniture/Bedroom" unique_id=511542568]
transform = Transform3D(1, 0, 0, 0, 1, 0, 0, 0, 1, -4.1471806, 3.9273882, 4.42895)
size = Vector3(2.0256152, 0.8, 0.609375)
material = SubResource("StandardMaterial3D_rarhs")

[node name="Chair" type="CSGBox3D" parent="SceneStructure/JulianasHouse/Furniture/Bedroom" unique_id=277048628]
transform = Transform3D(1, 0, 0, 0, 1, 0, 0, 0, 1, -4.1192737, 3.8326128, 3.7450686)
size = Vector3(0.57942873, 0.6104492, 0.5253906)
material = SubResource("StandardMaterial3D_rarhs")

[node name="Wardrobe" type="CSGBox3D" parent="SceneStructure/JulianasHouse/Furniture/Bedroom" unique_id=1388647919]
transform = Transform3D(1, 0, 0, 0, 1, 0, 0, 0, 1, -5.941142, 4.582362, 2.20797)
size = Vector3(0.6500659, 2.1099486, 1.6611328)
material = SubResource("StandardMaterial3D_rarhs")

[node name="Nightstand" type="CSGBox3D" parent="SceneStructure/JulianasHouse/Furniture/Bedroom" unique_id=939856221]
transform = Transform3D(-4.371139e-08, 0, 1, 0, 1, 0, -1, 0, -4.371139e-08, -2.8398566, 3.8512788, 2.8416378)
size = Vector3(1.0148672, 0.6446899, 0.40344238)
material = SubResource("StandardMaterial3D_rarhs")

[node name="Lamp" type="CSGBox3D" parent="SceneStructure/JulianasHouse/Furniture/Bedroom" unique_id=2113003499]
transform = Transform3D(-4.371139e-08, 0, 1, 0, 1, 0, -1, 0, -4.371139e-08, -2.8757625, 4.389763, 4.370618)
size = Vector3(0.2898496, 1.7216583, 0.29205322)
material = SubResource("StandardMaterial3D_rarhs")

[node name="Laptop" type="CSGBox3D" parent="SceneStructure/JulianasHouse/Furniture/Bedroom" unique_id=716293059]
transform = Transform3D(-0.110150695, 0, 0.9939149, 0, 1, 0, -0.9939149, 0, -0.110150695, -4.038059, 4.4478135, 4.450264)
size = Vector3(0.237, 0.237, 0.362)
material = SubResource("StandardMaterial3D_rarhs")

[node name="Cup" type="CSGBox3D" parent="SceneStructure/JulianasHouse/Furniture/Bedroom" unique_id=483155229]
transform = Transform3D(0.94421554, 0, -0.32932812, 0, 1, 0, 0.32932812, 0, 0.94421554, -4.484163, 4.3807497, 4.3779006)
size = Vector3(0.067, 0.095, 0.067)
material = SubResource("StandardMaterial3D_rarhs")

[node name="Trash" type="CSGBox3D" parent="SceneStructure/JulianasHouse/Furniture/Bedroom" unique_id=930082480]
transform = Transform3D(0.98695713, 0, -0.16098376, 0, 1, 0, 0.16098376, 0, 0.98695713, -5.325687, 3.7082548, 4.572918)
size = Vector3(0.25, 0.35, 0.25)
material = SubResource("StandardMaterial3D_rarhs")

[node name="Guitar" type="CSGBox3D" parent="SceneStructure/JulianasHouse/Furniture/Bedroom" unique_id=812460156]
transform = Transform3D(-4.2451628e-08, 0.23834701, 0.9711801, 1.04184785e-08, 0.9711801, -0.23834701, -1, 0, -4.371139e-08, -2.8757625, 4.0787067, 3.737113)
size = Vector3(0.38, 1, 0.1)
material = SubResource("StandardMaterial3D_rarhs")

[node name="Shelf" type="CSGBox3D" parent="SceneStructure/JulianasHouse/Furniture/Bedroom" unique_id=588677403]
transform = Transform3D(1, 0, 0, 0, 1, 0, 0, 0, 1, -3.6289663, 5.116036, 1.5368191)
size = Vector3(2.0256152, 0.06308594, 0.3083496)
material = SubResource("StandardMaterial3D_rarhs")

[node name="Cellphone" type="CSGBox3D" parent="SceneStructure/JulianasHouse/Furniture/Bedroom" unique_id=627639791]
transform = Transform3D(0.16267155, 0.9866802, -4.3129162e-08, 0, -4.371139e-08, -1, -0.9866802, 0.16267155, -7.1106028e-09, -2.8444085, 4.1851993, 2.6809413)
size = Vector3(0.076, 0.164, 0.009)
material = SubResource("StandardMaterial3D_vcsgt")

[node name="Streets" type="Node3D" parent="SceneStructure" unique_id=1041921014]

[node name="Ground1" type="CSGBox3D" parent="SceneStructure/Streets" unique_id=1495871503]
transform = Transform3D(1, 0, 0, 0, 1, 0, 0, 0, 1, 0.49234152, -0.44967985, 0)
use_collision = true
size = Vector3(5, 1, 10)

[node name="Ground2" type="CSGBox3D" parent="SceneStructure/Streets" unique_id=456232633]
transform = Transform3D(0.99590176, -0.0068079387, -0.090184785, 0, 0.99716294, -0.07527461, 0.09044139, 0.07496612, 0.9930763, 0.92789817, -0.08280444, -9.767504)
use_collision = true
size = Vector3(5, 1, 10)

[node name="Ground3" type="CSGBox3D" parent="SceneStructure/Streets" unique_id=882118582]
transform = Transform3D(-0.08280097, -0.14139806, -0.98648405, -0.007958155, 0.9899453, -0.14122617, 0.99653447, -0.0038430742, -0.08309372, 0.21056509, 0.14964277, -18.813957)
use_collision = true
size = Vector3(8, 1, 37.699)

[node name="ExtraHouse" type="Node3D" parent="SceneStructure" unique_id=961377411]

[node name="House2" type="CSGBox3D" parent="SceneStructure/ExtraHouse" unique_id=601780181]
transform = Transform3D(1, 0, 0, 0, 1, 0, 0, 0, 1, -9.939005, 2.249296, -0.4911852)
use_collision = true
size = Vector3(15.668945, 4.6034546, 3.1843414)

[node name="House3" type="CSGBox3D" parent="SceneStructure/ExtraHouse" unique_id=1622061042]
transform = Transform3D(1, 0, 0, 0, 1, 0, 0, 0, 1, -9.826551, 3.3696573, -4.4243402)
use_collision = true
size = Vector3(15.647461, 6.8441772, 4.6367493)

[node name="House4" type="CSGBox3D" parent="SceneStructure/ExtraHouse" unique_id=1324265318]
transform = Transform3D(0.9974133, 0, -0.07188043, 0, 1, 0, 0.07188043, 0, 0.9974133, -9.794761, 2.2218463, -9.000206)
use_collision = true
size = Vector3(15.611328, 4.5, 3.8936157)

[node name="House5" type="CSGBox3D" parent="SceneStructure/ExtraHouse" unique_id=283179556]
transform = Transform3D(0.99661016, 0, -0.082269, 0, 1, 0, 0.082269, 0, 0.99661016, -9.434788, 2.9563425, -13.267556)
use_collision = true
size = Vector3(15.87207, 6.0175476, 4.458267)

[node name="House6" type="CSGBox3D" parent="SceneStructure/ExtraHouse" unique_id=1048776564]
transform = Transform3D(0.04846624, 0, -0.99882483, 0, 1, 0, 0.99882483, 0, 0.04846624, -5.6614685, 3.027952, -32.10804)
use_collision = true
size = Vector3(17.997559, 6.1607666, 3.8936157)

[node name="House7" type="CSGBox3D" parent="SceneStructure/ExtraHouse" unique_id=422049407]
transform = Transform3D(-0.06099628, 0, -0.99813807, 0, 1, 0, 0.99813807, 0, -0.06099628, -1.3107592, 2.18881, -31.452805)
use_collision = true
size = Vector3(16.214844, 4.482483, 3.1843414)

[node name="House9" type="CSGBox3D" parent="SceneStructure/ExtraHouse" unique_id=407172918]
transform = Transform3D(0.99658716, 0, -0.082547314, 0, 1, 0, 0.082547314, 0, 0.99658716, 10.301781, 4.056507, -30.099094)
use_collision = true
size = Vector3(4.9639893, 5.7304688, 15.192413)

[node name="House11" type="CSGBox3D" parent="SceneStructure/ExtraHouse" unique_id=617356783]
transform = Transform3D(1, 0, 0, 0, 1, 0, 0, 0, 1, 9.733485, 3.3992898, 3.531479)
use_collision = true
size = Vector3(13.407715, 6.9034424, 2.9370422)

[node name="House12" type="CSGBox3D" parent="SceneStructure/ExtraHouse" unique_id=764836686]
transform = Transform3D(1, 0, 0, 0, 1, 0, 0, 0, 1, 9.651113, 3.3741968, -0.20015144)
use_collision = true
size = Vector3(13.498169, 6.853256, 4.1965485)

[node name="House13" type="CSGBox3D" parent="SceneStructure/ExtraHouse" unique_id=1961090216]
transform = Transform3D(1, 0, 0, 0, 1, 0, 0, 0, 1, 9.998378, 2.1260355, -4.3112354)
use_collision = true
size = Vector3(13.9375, 4.3569336, 3.6076813)

[node name="House14" type="CSGBox3D" parent="SceneStructure/ExtraHouse" unique_id=1643591099]
transform = Transform3D(0.9954579, 0, -0.09520294, 0, 1, 0, 0.09520294, 0, 0.9954579, 10.047883, 2.598707, -7.2311683)
use_collision = true
size = Vector3(13.390747, 5.3022766, 3.6076813)

[node name="House15" type="CSGBox3D" parent="SceneStructure/ExtraHouse" unique_id=1786910514]
transform = Transform3D(0.995453, 0, -0.09525506, 0, 1, 0, 0.09525506, 0, 0.995453, 10.4976015, 3.429609, -11.476193)
use_collision = true
size = Vector3(13.437012, 6.964081, 4.8323402)

[node name="DirectionalLight3D" type="DirectionalLight3D" parent="." unique_id=2049918596]
transform = Transform3D(1, 0, 0, 0, 1, 0, 0, 0, 1, 0, 38.318886, 0)

[node name="DialogTrigger" parent="." unique_id=419420945 instance=ExtResource("3_0bbpv")]
transform = Transform3D(1, 0, 0, 0, 1, 0, 0, 0, 1, 0, 0.60220957, 0)
freeze_player = true
